2
88
0 Albânia;AL;3581655;28748;124.6;1.26;4500
1 Alemanha;DE;82422299;357021;230.9;0.67;27600
2 Andorra;AD;71201;468;152.1;0;19000
3 Arménia;AM;2976372;29800;99.9;0;3500
4 Áustria;AT;8192880;83870;97.7;0;30000
5 Azerbaijão;AZ;7961619;86600;91.9;0;3400
6 Bélgica;BE;10379067;30528;340;0.22;29100
7 Bielorrússia;BY;10293011;207600;49.6;0;6100
8 Bósnia e Herzegovina;BA;4498976;51129;88;0.04;6100
9 Bulgária;BG;7385367;110910;66.6;0.32;7600
10 Cazaquistão;KZ;15233244;2717300;5.6;0;6300
11 Chipre;CY;784301;9250;84.8;7.01;19200
12 Croácia;HR;4494749;56542;79.5;10.32;10600
13 Dinamarca;DK;5450661;43094;126.5;16.97;31100
14 Eslováquia;SK;5439448;48845;111.4;0;13300
15 Eslovênia;SI;2010347;20273;99.2;0.23;19000
16 Espanha;ES;40397842;504782;80;0.98;22000
17 Estónia;EE;1324333;45226;29.3;8.39;12300
18 Finlândia;FI;5231372;338145;15.5;0.37;27400
19 França;FR;60876136;547030;111.3;0.63;27600
20 Geórgia;GE;4661473;69700;66.9;0.44;2500
21 Grécia;GR;10688058;131940;81;10.37;20000
22 Hungria;HU;9981334;93030;107.3;0;13900
23 Irlanda;IE;4062235;70280;57.8;2.06;29600
24 Islândia;IS;299388;103000;2.9;4.83;30900
25 Itália;IT;58133509;301230;193;2.52;26700
26 Letônia;LV;2274735;64589;35.2;0.82;10200
27 Liechtenstein;LI;33987;160;212.4;0;25000
28 Lituânia;LT;3585906;65200;55;0.14;11400
29 Luxemburgo;LU;474413;2586;183.5;0;55100
30 Macedônia do Norte;MK;null;null;null;null;null
31 Malta;MT;400214;316;1266.5;62.28;17700
32 Moldávia;MD;4466706;33843;132;0;1800
33 Mónaco;MC;32543;2;16271.5;205;27000
34 Montenegro;ME;null;null;null;null;null
35 Noruega;NO;4610820;323802;14.2;7.77;37800
36 Países Baixos;NL;16491461;41526;397.1;1.09;28600
37 Polónia;PL;38536869;312685;123.3;0.16;11100
38 Portugal;PT;10605870;92391;114.8;1.94;18000
39 Reino Unido;GB;60609153;244820;247.6;5.08;27700
40 Tchéquia;CZ;10235455;78866;129.8;0;15700
41 Roménia;RO;22303552;237500;93.9;0.09;7000
42 Rússia;RU;142893540;17075200;8.4;0.22;8900
43 São Marino;SM;29251;61;479.5;0;34600
44 Sérvia;RS;9396411;88361;106.3;0;2200
45 Suécia;SE;9016596;449964;20;0.72;26800
46 Suíça;CH;7523934;41290;182.2;0;32700
47 Turquia;TR;70413958;780580;90.2;0.92;6700
48 Ucrânia;UA;46710816;603700;77.4;0.46;5400
49 Vaticano;VA;null;null;null;null;null
50 Antígua e Barbuda;AG;69108;443;156;34.54;11000
51 Argentina;AR;39921833;2766890;14.4;0.18;11200
52 Bahamas;BS;303770;13940;21.8;25.41;16700
53 Barbados;BB;279912;431;649.5;22.51;15700
54 Belize;BZ;287730;22966;12.5;1.68;4900
55 Bolívia;BO;8989046;1098580;8.2;0;2400
56 Brasil;BR;188078227;8511965;22.1;0.09;7600
57 Canadá;CA;3098932;9984670;3.3;2.02;29800
58 Chile;CL;16134219;756950;21.3;0.85;9900
59 Colômbia;CO;43593035;1138910;38.3;0.28;6300
60 Costa Rica;CR;4075261;51100;79.8;2.52;9100
61 Cuba;CU;11382820;110860;102.7;3.37;2900
62 Dominica;DM;68910;754;91.4;19.63;5400
63 El Salvador;SV;6822378;21040;324.3;1.46;4800
64 Equador;EC;13547510;283560;47.8;0.79;3300
65 Estados Unidos;US;298444215;9631420;31;0.21;37800
66 Granada;GD;89703;344;260.8;35.17;5000
67 Guatemala;GT;12293545;108890;112.9;0.37;4100
68 Guiana;GY;767245;214970;3.6;0.21;4000
69 Haiti;HT;8308504;27750;299.4;6.38;1600
70 Honduras;HN;7326496;112090;65.4;0.73;2600
71 Jamaica;JM;2758124;10991;250.9;9.3;3900
72 México;MX;107449525;1972550;54.5;0.47;9000
73 Nicarágua;NI;5570129;129494;43;0.7;2300
74 Panamá;PA;3191319;78200;40.8;3.18;6300
75 Paraguai;PY;6506464;406750;16;0;4700
76 Peru;PE;28302603;1285220;22;0.19;5100
77 República Dominicana;DO;9183984;48730;188.5;2.64;6000
78 Santa Lúcia;LC;168458;616;273.5;25.65;5400
79 São Cristóvão e Neves;KN;null;null;null;null;null
80 São Vicente e Granadinas;VC;117848;389;303;21.59;2900
81 Suriname;SR;439117;163270;2.7;0.24;4000
82 Trindade e Tobago;TT;1065842;5128;207.9;7.06;9500
83 Uruguai;UY;3431932;176220;19.5;0.37;12800
84 Venezuela;VE;25730435;912050;28.2;0.31;4800
85 Guiana Francesa;GF;199509;91000;2.2;0.42;8300
86 Gibraltar;GI;27928;7;3989.7;171.43;17500
87 Cossovo;XK;null;null;null;null;null
133
0 21 282.0
0 30 151.0
0 34 172.0
0 87 112.0
1 4 784.0
1 6 167.0
1 40 646.0
1 13 125.0
1 19 451.0
1 29 138.0
1 36 577.0
1 37 456.0
1 46 334.0
2 19 56.6
2 16 63.7
3 5 787.0
3 20 164.0
3 47 268.0
4 40 362.0
4 22 366.0
4 25 430.0
4 27 35.0
4 14 91.0
4 15 330.0
4 46 164.0
5 20 322.0
5 42 284.0
6 19 620.0
6 29 148.0
6 36 450.0
7 26 141.0
7 28 502.0
7 37 407.0
7 42 959.0
7 48 891.0
8 12 932.0
8 34 225.0
8 44 302.0
9 21 494.0
9 30 148.0
9 41 608.0
9 44 318.0
9 47 240.0
10 42 6846.0
12 22 329.0
12 34 25.0
12 44 241.0
12 15 670.0
14 40 215.0
14 22 677.0
14 37 444.0
14 48 97.0
15 25 232.0
15 22 102.0
16 19 623.0
16 38 1214.0
16 86 1.2
17 26 339.0
17 42 294.0
18 35 736.0
18 45 614.0
18 42 1340.0
19 25 488.0
19 29 73.0
19 33 4.4
19 46 573.0
20 42 723.0
20 47 252.0
21 47 206.0
21 30 246.0
22 41 443.0
22 44 151.0
22 48 103.0
23 39 360.0
25 43 39.0
25 46 740.0
25 49 3.2
26 28 453.0
26 42 217.0
27 46 41.1
28 37 91.0
30 44 62.0
30 87 159.0
32 41 450.0
32 48 939.0
34 44 124.0
34 87 79.0
35 45 1619.0
35 42 196.0
37 40 658.0
37 48 526.0
41 44 476.0
41 48 531.0
42 48 1576.0
44 87 352.0
51 55 832.0
51 56 1224.0
51 58 5308.0
51 75 1880.0
51 83 579.0
54 67 266.0
54 72 250.0
55 56 3400.0
55 58 861.0
55 75 750.0
55 76 900.0
56 59 1643.0
56 85 673.0
56 68 1119.0
56 75 1290.0
56 76 1560.0
56 81 597.0
56 83 985.0
56 84 2200.0
57 65 8893.0
58 76 160.0
59 64 590.0
59 74 225.0
59 76 1496.0
59 84 2050.0
60 73 309.0
60 74 330.0
63 67 203.0
63 70 342.0
64 76 1420.0
65 72 3141.0
67 70 256.0
67 72 962.0
68 81 600.0
68 84 743.0
69 77 360.0
70 73 922.0
81 85 510.0